0.000000000000000000e+00
0.000000000000000000e+00
0.000000000000000000e+00
0.000000000000000000e+00
0.000000000000000000e+00
0.000000000000000000e+00
0.000000000000000000e+00
0.000000000000000000e+00
0.000000000000000000e+00
0.000000000000000000e+00
0.000000000000000000e+00
-9.462872086538677507e+00
5.060155103180221658e+00
-4.702141132055010608e+00
-1.346556798666392574e+01
-9.724451386214812143e-02
-5.679229798931844098e-01
-5.120916678430326385e+00
-1.243607499248972914e+01
1.687455945409454827e+01
2.248889026426388327e+01
-1.429135548394243838e+00
-8.735632121639085312e+00
1.521988722857152787e+01
-4.744057842118032831e+00
1.342483607072451868e+01
-7.164562067858482042e-01
-7.745882703389489476e-01
-1.559446346721942156e+00
2.716133199910331086e+00
-1.012330603060104472e+01
-4.922235151244730211e+00
-2.148654702432279961e-01
-6.464715658466905879e+00
-1.516083273294408329e+01
4.428597543829661198e+00
-4.372400810437298446e+00
-5.276020379377331926e-01
-7.968481731515933975e-01
-6.840168945332348649e+00
2.723776937712550961e+01
4.477934915435516139e+00
-1.052783292722951636e+01
-8.546099449108835344e+00
1.958390529287786919e+01
-1.083454595269300214e+01
-3.011396547666702173e+00
-7.454684330587301844e+00
1.011679377628739163e+00
7.779805334276961304e-01
1.345134878746585727e+01
2.794672381501429825e+00
-1.359962822558017415e+01
-1.804863487728973759e+00
9.144678286454713811e-01
1.042824563177209996e+01
-1.360322159167309808e+00
1.169922314037683542e+01
-1.358934886108448925e+00
2.241451528250712755e-01
1.412590555073417020e+00
9.937955156492908615e-02
-1.667444883948293111e+01
-2.888163512591387150e+00
-5.793855829382691169e+00
-4.212141195120336690e+00
